bg=100
ba=1000
wp=55
bt=10
wl=30
hp=30
su=200
ss=10
pw=100
fx=56
fy=78
